TargetT: 31 | AvgBoxT: 2.71 | Time: 2023-01-13 14:07:24.982946 | Volts: 180 | Polarity: 1 | CycleNo: 1 | MinsDiff: 0.0 | MinEnd: 45 | PEl fan tmp: 0.0
TargetT: 31 | AvgBoxT: 27.09 | Time: 2023-01-13 14:07:24.982946 | Volts: 180 | Polarity: 1 | CycleNo: 1 | MinsDiff: 0.0 | MinEnd: 45 | PEl fan tmp: 0.0
TargetT: 31 | AvgBoxT: 27.09 | Time: 2023-01-13 14:07:47.348131 | Volts: 180 | Polarity: 1 | CycleNo: 1 | MinsDiff: 1.0 | MinEnd: 45 | PEl fan tmp: 0.0
TargetT: 31 | AvgBoxT: 27.12 | Time: 2023-01-13 14:07:47.348131 | Volts: 180 | Polarity: 1 | CycleNo: 1 | MinsDiff: 1.0 | MinEnd: 45 | PEl fan tmp: 0.0
