TargetT: 31 | AvgBoxT: 25.45 | Time: 2023-01-10 20:20:14.439492 | Volts: 180 | Polarity: 1 | CycleNo: 1 | MinsDiff: 0.0 | MinEnd: 45 | PEl fan tmp: 0.0
TargetT: 31 | AvgBoxT: 25.45 | Time: 2023-01-10 20:20:15.244040 | Volts: 180 | Polarity: 1 | CycleNo: 1 | MinsDiff: 0.0 | MinEnd: 45 | PEl fan tmp: 0.0
TargetT: 31 | AvgBoxT: 25.45 | Time: 2023-01-10 20:20:16.048702 | Volts: 180 | Polarity: 1 | CycleNo: 1 | MinsDiff: 0.0 | MinEnd: 45 | PEl fan tmp: 0.0
